0.541139413417131 -0.409872647756742
-1.54087718185788 -0.711322710526139
-0.203142794821834 0.0614454835840975
-0.499965221779343 -1.84612923609859
0.383023912780829 -0.398333119478132
0.41203537811175 -0.543548121612387
0.40549255051644 -0.911898504288659
-0.363780750881015 0.652698590995241
-0.599272040041946 -0.734271258590912
-0.589588991418034 0.540633089814446
0.853540834064481 0.975840884581828
-1.8530080714196 -0.156870414727051
-0.207303159647625 0.277799321723375
0.270378202689916 0.639517303110873
-0.652771012058928 -0.0809780150606096
0.477227285007673 0.540870143763935
-0.071319650027454 -1.26256484462796
-0.938301288268817 1.11042384067016
0.161363534650636 -0.989562679068363
-0.268182881913388 -1.82883593420384
4.38449851135426 2.59021478525983
2.93727320595874 2.49646101586813
3.44892112001917 4.23329711264414
2.63674152753233 3.61030521757395
1.97941660686898 3.05907215505265
-0.0729885392870653 1.53305326957175
3.62627899769914 1.37419673360377
2.71331546678878 1.03524758460911
2.80265709314908 5.60519575087392
3.40560537264055 3.97237481120358
1.58065153946521 3.25698096970426
2.27055476201722 2.02575954065305
4.14732784158513 1.85363561411258
3.59786463288149 3.54763950448046
1.71871874090747 4.56508398508243
0.796735757830103 1.30665633867919
2.42875368020891 2.55060264013975
3.21399647871646 2.91570792724658
3.94237693330238 1.00800282239673
3.09372549066692 3.84124566635258
1.87768827847196 2.58534108254451
3.30615781856822 4.91218083836386
1.82766513244671 2.60910126776623
2.03903343646233 3.40918208254736
2.34626498364197 1.85757183187856
1.77060635100084 2.37513622436327
2.72903487003669 1.83127715008545
2.10004993265719 3.39257528129754
2.71431386239817 4.30183950434961
2.53757845564625 2.4063582381596
2.43637539156213 -4.25055284244615
1.49563751947419 -4.18990165464868
2.10210771330342 -5.03291351430084
3.19625054082237 -4.3232919214194
2.12028281636165 -3.23347314589455
0.963156602923245 -2.25532682033095
1.14289676111226 -5.16051992616979
1.83012569595594 -1.62258814761583
1.8083317199537 -2.47392203749293
1.13418479226006 -3.83149249978254
2.18066413358619 -4.3012065293237
3.26652847557265 -4.69865427070521
1.74883071256162 -3.16722942422197
1.79542994933686 -4.6946052542228
-0.201521906036271 -4.46188299313412
1.22548689523925 -3.11638286327917
0.606727415944849 -3.56405581783627
1.61376534901636 -3.10325263694554
2.52558635011787 -3.49526797205511
3.5232692753906 -4.40089713551584
3.79849445190826 -4.51384801209921
1.88311573303021 -3.2036324037661
1.67980381311437 -4.6711901640073
2.81751628323722 -2.81334095713362
2.49015918882398 -3.20929802929641
2.76525116001563 -3.71227850532633
2.77827904531132 -3.99677388543691
0.519694826581373 -3.63438281252708
2.54036395960977 -0.473322181661149
1.90846097813175 -4.11243666251202
1.23974762304143 -5.55659393493828
1.3064045568565 -2.08489770454323
3.28145775266336 -3.39015394676169
1.19026238923425 -4.64791162309164
0.763181647177152 -1.38266508794927
2.21468644813178 -3.44904957925459
4.01077176753361 -3.7057963155533
2.02555443341231 -4.77784379825339
2.30829943624686 -5.06493009609004
1.06175278937222 -5.76841403231106
3.67421595177913 -4.42291953589843
2.12498817384502 -5.05310242919018
2.53010125655069 -3.35224475502827
1.04793177659851 -4.31762818851351
2.85404281822048 -2.23100843081343
2.38914573451776 -2.48941760480724
0.843998915048296 -3.83598968309256
2.03974012698925 -4.28276371450521
1.54940139629241 -2.84783419205161
2.10924794166566 -5.1465076321167
